# LSST Telescope Parameters
# lsst.obs.lsst.LsstCam

name: LsstCam
diameter: 8.36 # aperture diameter in meters
obscuration: 0.612 # fractional obscuration
focalLength: 10.312 # effective focal length in meters
defocalOffset: 1.5e-3 # defocal offset in meters
pixelSize: 10.0e-6 # pixel size in meters
refBand: r # band to use for BandLabel.REF
wavelength: # effective wavelength per band, in meters
  u: 367.1e-9
  g: 482.7e-9
  r: 622.3e-9
  i: 754.6e-9
  z: 869.1e-9
  y: 971.0e-9
batoidModelName: LSST_{band}.yaml # name used to load the Batoid model

maskParams: # center and radius are in meters, theta in degrees
  M1Outer:
    thetaMin: 0.0
    center: [-7.88971e-17, 2.01334e-16, 1.76752e-10, 2.97835e-17]
    radius: [-1.09847e-16, -2.65166e-15, 5.96051e-15, 4.18000e+00]
  M1Inner:
    thetaMin: 0.0
    center: [-1.83436e-17, 1.31384e-16, -4.79254e-03, 8.01445e-17]
    radius: [-1.18085e-15, 2.58188e-15, -1.02954e-15, 2.55800e+00]
  M2Outer:
    thetaMin: 0.67
    center: [-2.97063e-05, 1.19495e-03, -2.90176e-01, -2.01690e-04]
    radius: [-1.27356e-04, 8.01567e-04, -1.10665e-03, 4.49700e+00]
  M2Inner:
    thetaMin: 0.0
    center: [-1.62275e-04, -8.48813e-04, -2.90949e-01, -2.25777e-06]
    radius: [2.31676e-05, 2.54062e-04, 1.26852e-04, 2.37089e+00]
  M3Outer:
    thetaMin: 1.14
    center: [-1.03001e-03, -6.10645e-03, -7.95453e-01, 2.90781e-05]
    radius: [1.35117e-04, -5.51696e-04, 3.60650e-03, 5.21560e+00]
  M3Inner:
    thetaMin: 1.15
    center: [-1.79773e-03, 3.39167e-03, -9.37836e-01, 1.10023e-03]
    radius: [-6.09716e-04, 5.36056e-04, 1.75529e-04, 1.22190e+00]
  L1Entrance:
    thetaMin: 1.48
    center: [-7.04511e-02, 8.50359e-02, -1.80035e+00, 1.87490e-01]
    radius: [6.52778e-02, -2.65192e-01, 4.83170e-01, 6.47299e+00]
  L1Exit:
    thetaMin: 1.54
    center: [-1.09578e-01, 2.80004e-01, -2.13912e+00, 3.92063e-01]
    radius: [1.02073e-01, -4.58671e-01, 8.31328e-01, 6.38674e+00]
  L2Entrance:
    thetaMin: 1.59
    center: [-2.44731e-01, 1.34591e-01, -2.24336e+00, -4.26719e-02]
    radius: [2.69553e-01, -8.13070e-01, 1.01816e+00, 7.90902e+00]
  L2Exit:
    thetaMin: 1.77
    center: [-3.23226e-02, -1.60235e+00, 1.69902e+00, -2.80647e+00]
    radius: [8.59956e-03, 1.01450e+00, -2.94477e+00, 1.12953e+01]
  filterEntrance:
    thetaMin: 1.68
    center: [-1.41191e+02, 7.08362e+02, -1.20873e+03, 6.90596e+02]
    radius: [1.46814e+02, -7.45712e+02, 1.27571e+03, -7.19975e+02]
  filterExit:
    thetaMin: 1.72
    center: [-2.33154e+02, 1.20100e+03, -2.09045e+03, 1.21830e+03]
    radius: [2.40674e+02, -1.25103e+03, 2.18395e+03, -1.26502e+03]
  L3Entrance:
    thetaMin: 1.81
    center: [-6.92919e+03, 3.83751e+04, -7.09271e+04, 4.37325e+04]
    radius: [6.99082e+03, -3.87585e+04, 7.16872e+04, -4.42130e+04]
  L3Exit:
    thetaMin: 1.88
    center: [-7.62502e+04, 4.38171e+05, -8.39431e+05, 5.36106e+05]
    radius: [7.65102e+04, -4.39797e+05, 8.42756e+05, -5.38333e+05]
